    8.76    16.37    12.89    24.11    27.40    27.65    28.06    25.74    22.71    24.94    22.58    20.24    20.33    22.64    15.20    13.68    13.31    20.31    19.01    16.09     9.05     9.56     9.61     8.49
    7.81     7.11     6.72     5.86     5.28     4.84     4.61     4.74     5.62     6.23     5.72     6.19     5.66     5.16     5.19     5.48     5.08     4.42     4.84     4.30     3.62     3.49     3.97     4.25
    3.38     2.82     2.73     2.05     1.79     3.15     3.07     3.61     3.38     6.70     7.68     4.33     7.01    11.86    16.85    17.11    20.72    19.98    20.07    19.74    17.77    16.70    13.97    14.05
   12.92    13.28    13.39    12.98    11.04    13.90    13.33    14.42    15.59    13.99    14.14    15.22    16.01    15.93    16.77    16.82    17.07    16.94    17.15    17.53    17.60    17.26    16.46    16.58
   14.20    13.20    12.82    12.86    12.77    12.71    11.58    11.11    11.70    11.76    12.66    12.06    10.83    10.08     9.50     8.77     8.48     7.72     6.91     5.66     5.94     7.01     6.68     6.73
    5.77     5.50     5.33     5.58     5.26     4.83     4.53     3.91     3.17     2.18     1.13     1.48     2.96     3.01     4.14     4.67     5.36     6.06     6.57     7.68     8.30     8.30     7.87     9.51
   10.52    11.70    12.05    11.20    10.79    11.60    11.26    11.99    10.84    12.09    13.39    12.31    11.23    10.79    11.00    11.12    10.95    10.08     8.58     7.95     7.37    11.63    12.60    11.35
   12.79    12.81    13.71    13.40    14.04    13.22    13.66    13.39    12.39    12.55    11.92    10.97    10.77     9.99     9.84     9.25     9.24     9.39     9.05     9.13     9.08     8.95     8.50     7.93
    8.85     8.62     9.20     9.28     8.88     8.89     8.61     8.26     7.16     5.90     4.71     3.33     2.57     2.02     2.48     1.66     1.05     1.90     3.12     5.44     2.64     7.16     5.37     6.86
   11.30    11.83    11.91    11.59    11.38    10.03     8.81     8.76     8.65     8.89     8.22     6.45     7.55     7.24     8.90    10.13    12.21    13.15    15.42    17.79    16.33    17.03    17.08    18.92
   19.67    19.35    20.20    20.99    21.57    22.30    21.84    20.53    21.51    21.22    21.68    20.70    20.12    20.32    19.45    18.86    18.22    17.78    17.58    17.01    16.46    16.23    15.25    14.47
   15.96    15.70    14.24    13.29    12.43    10.58    10.48     9.97     8.89     8.30     8.38     7.23     7.11     7.55     8.55     9.39    10.01    10.88    11.51    11.34    12.09    13.29    11.68    12.48
   13.40    13.88    13.68    12.54    11.60    12.52    11.76    11.49     9.44     8.06     9.25     7.90     7.35     6.46     5.49     4.91     5.36     5.53     5.95     6.27     4.18     4.33     4.15     4.36
    5.52     5.20     4.48     4.92     5.58     6.18     6.47     6.08     5.10     4.51     4.32     4.21     4.40     4.39     5.21     5.06     4.48     4.07     4.60     4.38     3.30     3.09     3.08     2.90
    2.67     3.47     3.68     3.40     2.00     0.95     1.32     2.62     3.33     3.73     4.87     4.95     3.60     4.56     4.59     4.63     3.20     4.72     3.20     4.56     4.72     4.72     4.66     3.60
    6.46     6.39     5.82     4.98     4.65     3.68     5.22     4.78     3.42     2.45     6.26     5.96     7.87     7.02     7.01     7.45     6.50     5.94     9.38    15.99    16.08    14.30    15.61    15.03
   13.82    12.81    13.23    13.55    14.73    14.52    15.37    14.92    13.94    14.33    12.60    13.12    12.56    11.86    12.34    12.77    12.16    11.50    12.54    10.38    10.73    13.15    12.41    12.32
   13.47    12.94    12.24    11.39    10.74    10.46    10.95     9.74     9.56     8.15     9.50     8.06    10.58     9.48     5.75     9.52     8.74     6.62     8.61     6.33     8.90     5.64     7.37     1.93
    7.39     4.50     5.14    11.02     5.96     4.71     5.27     6.57     7.16     9.40     9.45     9.82    10.25    10.58     9.34     8.46     8.67     5.87     4.76     8.12     4.61     3.92     4.14     5.21
    5.90     6.08     5.69     5.81     6.42     6.05     5.80     6.86     5.70     5.54     6.08     6.48     6.57     8.06     8.17     6.23     7.60     7.29     8.15     9.08     8.26     7.78     9.81     9.36
    6.24     5.70     5.85     5.33     5.18     5.36     4.89     4.21     3.31     3.59     4.54     5.65     5.22     5.77     6.70     8.47     8.16     9.16     9.37     8.66     8.37     8.47     8.39     8.17
    7.88     8.03     8.50     9.11     9.68    10.23    10.62    10.41     9.33     8.97     9.52     9.18     9.21     9.58     9.30     8.70     8.13     8.42     8.75     8.89     7.98     8.84     7.67     7.73
    7.57     7.53     6.85     6.87     6.88     7.06     7.14     6.98     5.73     4.19     3.35     3.29     3.31     3.21     3.47     4.60     4.46     4.83     6.05     5.82     6.64     6.96     5.88     5.48
    8.60     6.49     3.10     5.07     3.82     3.29     5.41     6.13     6.46     5.32     4.97     6.30     7.41     8.89    12.19    10.34    10.85     5.55     2.59    11.19     7.08     6.93     5.06     7.45
    8.04     9.20    12.11     8.40    14.04     7.95     6.78     3.83     1.30     1.14     1.40     2.68     3.52     4.04     4.34     5.79     7.11     5.45     4.68     4.20     3.90     3.37     2.88     2.76
    2.09     2.28     2.71     2.32     1.76     1.30     1.15     1.07     0.41     0.87     3.31     2.87     4.35     4.99     4.09     7.16     8.67    10.61    12.39    12.96    14.49    16.50    16.24    17.72
   18.01    18.96    19.04    15.39    10.68    14.95    14.37    11.16    16.82    15.71    22.07    19.67    10.74     2.55    11.32     6.13     5.65     8.62     5.19     5.57     5.64     5.76     5.40     4.55
    6.53     5.41     2.26     3.89     4.02     6.02     4.65     4.16     3.88     5.35     4.59     4.75     6.44     6.59     3.98     7.67     6.64     6.04     6.51     7.50     8.57    11.31    12.71    13.91
    8.90     7.78     8.84    10.04     9.73     9.62     8.69     9.42     9.45     8.31     7.69     7.33     6.29     7.07     7.24     6.80     6.49     6.79     6.68     6.30     5.94     6.06     7.07     6.64
    7.32     6.67     5.93     5.39     6.87     6.22     7.25     6.72     6.23     7.10     6.08     5.41     6.92     6.87     6.50     7.33     6.92     6.45     7.25     7.04     6.61     6.59     6.53     7.04
    6.92     7.40     8.49     8.46     7.68    10.22     9.20     7.79     6.93     6.47     6.70     6.71     6.37     5.80     5.88     6.23     5.80     4.67     5.00     5.51     5.92     5.21     4.78     6.08
