 loading configuration 
Data output will be save in  fit_SDE19-10-01-12-43-16
Computing Hessian at intial point
Evaluating using rand_approx_lamperti
 optimizing rand_approx_lamperti using Nelder-Mead with 1000 batches.
starting optimization
Evaluating using rand_approx_lamperti
/home/alhaddwt/anaconda3/lib/python3.7/site-packages/scipy/integrate/_ivp/rk.py:140: RuntimeWarning: invalid value encountered in maximum
  scale = atol + np.maximum(np.abs(y), np.abs(y_new)) * rtol
/home/alhaddwt/anaconda3/lib/python3.7/site-packages/scipy/optimize/optimize.py:563: RuntimeWarning: invalid value encountered in subtract
  numpy.max(numpy.abs(fsim[0] - fsim[1:])) <= fatol):
/home/alhaddwt/anaconda3/lib/python3.7/site-packages/numpy/core/fromnumeric.py:83: RuntimeWarning: invalid value encountered in reduce
  return ufunc.reduce(obj, axis, dtype, out, **passkwargs)
Warning: Maximum number of function evaluations has been exceeded.
   0    13.325067694254    0.087722096617    625062063236989568.0
   1    13.325067694254    0.092108201448    592789059382272768.0
   2    13.658194386611    0.088818622825    595364855289565056.0
   3    13.491631040432    0.090463412137    602574729768171520.0
   4    13.325067694254    0.089915149033    636256284003628672.0
   5    13.366708530799    0.090600477913    654970461128656512.0
   6    13.408349367343    0.091285806792    600720629728175616.0
   7    13.325067694254    0.091011675241    612452281549363712.0
   8    13.408349367343    0.092382333000    608282390076354560.0
   9    13.366708530799    0.091697004120    636570746535474688.0
  10    13.366708530799    0.092245267224    599521874010654336.0
  11    13.325067694254    0.092656464552    663186203476234496.0
  12    13.345888112527    0.092176734336    622604665226427136.0
  13    13.345888112527    0.091902602784    614751825505484416.0
  14    13.325067694254    0.091834069896    602604875241469824.0
  15    13.304247275982    0.092039668560    593784928551845376.0
  16    13.304247275982    0.092313800112    639866750971887872.0
  17    13.319862589686    0.091954002450    623315630744573056.0
  18    13.314657485118    0.092073935004    620441331260482176.0
  19    13.319862589686    0.092091068226    630072790127284352.0
  20    13.325067694254    0.092039668560    646721975774341888.0
  21    13.322465141970    0.092099634837    615741568809150976.0
  22    13.325067694254    0.092073935004    590587487634918656.0
  23    13.323766418112    0.092095351532    637586767088686976.0
  24    13.325067694254    0.092091068226    668694919019340928.0
  25    13.323766418112    0.092086784921    623413281485960960.0
  26    13.324742375219    0.092085714094    625407450818570496.0
  27    13.324417056183    0.092080359963    655485490753429248.0
  28    13.324579715701    0.092074470417    603584430477938304.0
  29    13.324620380580    0.092077281337    622673277194307968.0
  30    13.324823704978    0.092074202711    591034277404050176.0
  31    13.324894868517    0.092074838514    660672397173629696.0
  32    13.324920284066    0.092074453686    618981833173193984.0
  33    13.324932991841    0.092074261272    582767447397622016.0
  34    13.325176981118    0.092073993565    608689485955316992.0
  35    13.324912024013    0.092074150424    618097386252838656.0
  36    13.324922507927    0.092074205848    616659670305559552.0
  37    13.324855156720    0.092074368982    607760852724604672.0
  38    13.324865640635    0.092074424405    611497705500750080.0
  39    13.324879857458    0.092074369766    632680506725550976.0
  40    13.324927749884    0.092074233560    625921249296224384.0
  41    13.324966667444    0.092074179705    607396380483437952.0
  42    13.324971909401    0.092074207417    623330477851443840.0
  43    13.324949829643    0.092074220488    625860953988413952.0
  44    13.324930370863    0.092074247416    627827560540979840.0
  45    13.324952450621    0.092074234344    607516811245032832.0
  46    13.324941410742    0.092074240880    652559412045175936.0
  47    13.324939961261    0.092074249442    602712103576756864.0
  48    13.324938943647    0.092074248118    652662622331478272.0
  49    13.324937201292    0.092074251076    600575350887549312.0
  50    13.324935786559    0.092074255765    596835257759242624.0
  51    13.324935795246    0.092074254797    638644643510691968.0
  52    13.324934389200    0.092074258518    649796321353268736.0
  53    13.324935096566    0.092074256174    613324237635808256.0
  54    13.324934044204    0.092074258723    578752491499505920.0
  55    13.324933690521    0.092074259895    585351861438036480.0
  56    13.324933604271    0.092074259946    574547105267058944.0
  57    13.324934656634    0.092074257397    679589769136915200.0
  58    13.324933824238    0.092074259334    604924663731872896.0
  59    13.324933298056    0.092074260609    593209115017428096.0
  60    13.324933078090    0.092074261221    650868592702107648.0
  61    13.324933637701    0.092074259806    636059699954964224.0
  62    13.324933714255    0.092074259640    573980940797800704.0
  63    13.324933867362    0.092074259309    618778537460868480.0
  64    13.324933790808    0.092074259475    607918717112450304.0
  65    13.324933845800    0.092074259322    616032279175693056.0
  66    13.324933799166    0.092074259440    629862872146216064.0
  67    13.324933686759    0.092074259717    610804635560053120.0
  68    13.324933648482    0.092074259800    572439285349646272.0
  69    13.324933675978    0.092074259723    631832868067385856.0
  70    13.324933684063    0.092074259718    630054791817406464.0
  71    13.324933667620    0.092074259758    632174526301109760.0
  72    13.324933634734    0.092074259838    600008617013404288.0
  73    13.324933641608    0.092074259819    614686397225790976.0
  74    13.324933645045    0.092074259809    664717631348379776.0
  75    13.324933653266    0.092074259789    627453956209880832.0
  76    13.324933650874    0.092074259794    627857387299332864.0
  77    13.324933646763    0.092074259804    625926962735459712.0
  78    13.324933644371    0.092074259810    606785386122581248.0
  79    13.324933646595    0.092074259804    603047204858641024.0
  80    13.324933647538    0.092074259802    663778798008294656.0
  81    13.324933646426    0.092074259805    651309134840254464.0
  82    13.324933647370    0.092074259802    625049789482016128.0
  83    13.324933649425    0.092074259797    626900376867715328.0
  84    13.324933648676    0.092074259799    625864800797838336.0
  85    13.324933647176    0.092074259803    567371233695155840.0
  86    13.324933646426    0.092074259805    611857098552505856.0
  87    13.324933647599    0.092074259802    622907673770175488.0
  88    13.324933648059    0.092074259801    603228494798107520.0
  89    13.324933647944    0.092074259801    654791018686275072.0
  90    13.324933647829    0.092074259801    617153128834969856.0
  91    13.324933647388    0.092074259802    618712964583490304.0
  92    13.324933647445    0.092074259802    610712453437523840.0
  93    13.324933647570    0.092074259802    630265125791532544.0
  94    13.324933647311    0.092074259802    619598747192962816.0
  95    13.324933646984    0.092074259803    633537764958635008.0
  96    13.324933647114    0.092074259803    593719438739069440.0
  97    13.324933646979    0.092074259803    621090549689948160.0
  98    13.324933647228    0.092074259803    595988624632745728.0
  99    13.324933647186    0.092074259803    640495736827987328.0
 100    13.324933647145    0.092074259803    604191893357386752.0
 101    13.324933647202    0.092074259803    640657594561119488.0
 102    13.324933647119    0.092074259803    639520165935486464.0
 103    13.324933647140    0.092074259803    620595670232156672.0
 104    13.324933647181    0.092074259803    630073897748366336.0
 105    13.324933647158    0.092074259803    620674205278559616.0
 106    13.324933647164    0.092074259803    647405735313962496.0
 107    13.324933647170    0.092074259803    605649759498005632.0
 108    13.324933647173    0.092074259803    624019738657622784.0
 109    13.324933647167    0.092074259803    609207076304968192.0
 110    13.324933647170    0.092074259803    599390098271264768.0
 111    13.324933647179    0.092074259803    627784756452426112.0
 112    13.324933647170    0.092074259803    632737453126075008.0
 113    13.324933647173    0.092074259803    584540590480291200.0
 114    13.324933647175    0.092074259803    624672193731506304.0
 115    13.324933647175    0.092074259803    605662531512265472.0
 116    13.324933647177    0.092074259803    589708813651736064.0
 117    13.324933647177    0.092074259803    644050290382501248.0
 118    13.324933647176    0.092074259803    613365824115758464.0
 119    13.324933647176    0.092074259803    587890186526977280.0
 120    13.324933647176    0.092074259803    634771902846945280.0
 121    13.324933647176    0.092074259803    617048464081650176.0
 122    13.324933647176    0.092074259803    606001196039521152.0
 123    13.324933647176    0.092074259803    600443581614113408.0
 124    13.324933647176    0.092074259803    595280314318872320.0
 125    13.324933647176    0.092074259803    611380589097598976.0
 126    13.324933647176    0.092074259803    619962455951613952.0
 127    13.324933647176    0.092074259803    614210340592434048.0
 128    13.324933647176    0.092074259803    631662803271918208.0
 129    13.324933647176    0.092074259803    625711888042569728.0
 130    13.324933647176    0.092074259803    601779057567189632.0
 131    13.324933647176    0.092074259803    637405961167673472.0
 132    13.324933647176    0.092074259803    625359182701452672.0
 133    13.324933647176    0.092074259803    630574178230106368.0
 134    13.324933647176    0.092074259803    612198443209059328.0
 135    13.324933647176    0.092074259803    624281552696847104.0
 136    13.324933647176    0.092074259803    647145859571544320.0
 137    13.324933647176    0.092074259803    613949908258082048.0
 138    13.324933647176    0.092074259803    605028270340768256.0
