 loading configuration 
Data output will be save in  fit_SDE19-10-01-12-40-52
Computing Hessian at intial point
Evaluating using rand_approx_lamperti
 optimizing rand_approx_lamperti using Nelder-Mead with 5 batches.
starting optimization
Evaluating using rand_approx_lamperti
   0    11.000000000000    0.400000000000    5.0
   1    11.000000000000    0.420000000000   -41.2
   2    11.275000000000    0.405000000000   -0.8
   3    11.275000000000    0.425000000000    2.4
   4    11.206250000000    0.418750000000   -6.6
   5    11.189062500000    0.412187500000    6.2
   6    11.103125000000    0.419375000000   -5.5
   7    11.137500000000    0.412500000000   -7.6
   8    11.085937500000    0.417812500000    5.9
   9    11.068750000000    0.416250000000   -30.4
/home/alhaddwt/anaconda3/lib/python3.7/site-packages/scipy/integrate/_ivp/rk.py:140: RuntimeWarning: invalid value encountered in maximum
  scale = atol + np.maximum(np.abs(y), np.abs(y_new)) * rtol
  10    11.034375000000    0.418125000000   -28.8
  11    11.008593750000    0.418281250000    5.8
  12    11.012890625000    0.418671875000    6.7
  13    11.017187500000    0.419062500000   -41.2
  14    11.004296875000    0.419140625000   -32.7
  15    11.008593750000    0.419531250000   -2.5
  16    11.010742187500    0.419101562500   -23.5
  17    11.019335937500    0.418632812500   -0.9
  18    11.011279296875    0.419306640625   -0.4
  19    11.012890625000    0.419296875000   -29.3
  20    11.016113281250    0.419277343750   -0.9
  21    11.015576171875    0.419228515625   -30.9
  22    11.019873046875    0.418994140625    5.6
  23    11.014636230469    0.419221191406    9.9
  24    11.016381835938    0.419145507813    6.2
  25    11.015039062500    0.419179687500   -41.4
  26    11.015844726562    0.419096679687    6.1
  27    11.015979003906    0.419108886719    11.4
  28    11.016113281250    0.419121093750   -7.8
  29    11.015710449219    0.419162597656   -30.6
  30    11.015744018555    0.419146118164   -0.1
  31    11.015374755859    0.419171142578    6.7
  32    11.015576171875    0.419150390625   -16.2
  33    11.015240478516    0.419158935547   -0.1
  34    11.015307617188    0.419165039063   -41.7
  35    11.015206909180    0.419175415039   -6.3
  36    11.015139770508    0.419169311523    6.4
  37    11.015223693848    0.419167175293    6.3
  38    11.015357971191    0.419159851074    5.9
  39    11.015278244019    0.419164810181   -27.5
  40    11.015325450897    0.419162387848    4.3
  41    11.015260410309    0.419167461395   -31.9
  42    11.015281128883    0.419165530205   -12.4
  43    11.015298700333    0.419166364670   -36.5
  44    11.015303158760    0.419165701866   -1.0
  45    11.015295815468    0.419165644646   -28.6
  46    11.015300273895    0.419164981842   -30.5
  47    11.015312075615    0.419164376259    6.5
  48    11.015299880505    0.419165327549    3.7
  49    11.015303945541    0.419165010452    5.9
  50    11.015301716328    0.419165341854    5.9
  51    11.015309846401    0.419164707661    5.8
  52    11.015306338668    0.419164941907   -7.4
  53    11.015304109454    0.419165273309    6.4
  54    11.015308731794    0.419164873362   -27.4
  55    11.015309371054    0.419164921939    3.5
  56    11.015308174491    0.419164956212    2.4
  57    11.015307297558    0.419165014774   -27.7
  58    11.015307815932    0.419164991565   -7.8
  59    11.015307098813    0.419165062271    6.7
  60    11.015307636652    0.419165009242   -29.4
  61    11.015307956282    0.419165033530   -6.4
  62    11.015307462239    0.419165019463   -31.2
  63    11.015307588183    0.419165019252   -21.8
  64    11.015307529981    0.419165044173   -3.1
  65    11.015307607455    0.419165053973    6.5
  66    11.015307590520    0.419165047795    6.2
  67    11.015307556649    0.419165035440    5.8
  68    11.015307573584    0.419165041618    6.0
  69    11.015307586918    0.419165037251    4.2
  70    11.015307630521    0.419165034696   -11.5
  71    11.015307660791    0.419165036507    1.9
  72    11.015307642323    0.419165036693    6.2
  73    11.015307623854    0.419165036879   -0.2
  74    11.015307638989    0.419165037785   -19.1
  75    11.015307632322    0.419165039968    7.0
  76    11.015307625971    0.419165037651   -30.2
  77    11.015307604170    0.419165038929    9.8
  78    11.015307630284    0.419165038071    8.1
  79    11.015307621579    0.419165038357    7.7
  80    11.015307628088    0.419165038424    7.0
  81    11.015307622638    0.419165038743    5.2
  82    11.015307619383    0.419165038710    7.0
  83    11.015307619648    0.419165038806    5.9
  84    11.015307619780    0.419165038855    8.5
  85    11.015307619913    0.419165038903   -46.9
  86    11.015307618682    0.419165039031   -30.3
  87    11.015307618550    0.419165038983    8.0
  88    11.015307619165    0.419165038919   -31.2
  89    11.015307620528    0.419165038839   -51.4
  90    11.015307621275    0.419165038823   -19.0
  91    11.015307619693    0.419165038895   -9.9
  92    11.015307620220    0.419165038871   -17.8
  93    11.015307619847    0.419165038879    6.9
  94    11.015307620902    0.419165038831    5.5
  95    11.015307620638    0.419165038843    0.1
  96    11.015307620110    0.419165038867    7.9
  97    11.015307620506    0.419165038849    6.5
  98    11.015307620583    0.419165038841    7.5
  99    11.015307620737    0.419165038825    6.2
 100    11.015307620682    0.419165038823    7.7
 101    11.015307620608    0.419165038836    4.2
 102    11.015307620399    0.419165038850    6.9
 103    11.015307620652    0.419165038831    6.7
 104    11.015307620568    0.419165038837    6.8
 105    11.015307620632    0.419165038832    7.9
 106    11.015307620463    0.419165038844    7.7
 107    11.015307620506    0.419165038841    4.8
 108    11.015307620466    0.419165038843    8.6
 109    11.015307620542    0.419165038839    6.9
 110    11.015307620517    0.419165038840    8.4
 111    11.015307620548    0.419165038838    7.9
 112    11.015307620559    0.419165038837   -21.1
 113    11.015307620539    0.419165038837   -27.0
 114    11.015307620546    0.419165038837   -77.6
 115    11.015307620538    0.419165038838   -33.2
 116    11.015307620536    0.419165038838   -30.2
 117    11.015307620542    0.419165038838    5.7
 118    11.015307620551    0.419165038837    5.9
 119    11.015307620548    0.419165038837    6.4
 120    11.015307620542    0.419165038838    5.2
 121    11.015307620544    0.419165038838   -1.8
 122    11.015307620543    0.419165038838   -4.3
 123    11.015307620544    0.419165038838    5.7
 124    11.015307620545    0.419165038838    9.5
 125    11.015307620545    0.419165038838   -14.2
 126    11.015307620545    0.419165038838    6.7
 127    11.015307620545    0.419165038838    7.0
 128    11.015307620546    0.419165038838   -24.4
 129    11.015307620546    0.419165038838    6.3
 130    11.015307620546    0.419165038837   -31.1
 131    11.015307620547    0.419165038837    4.1
 132    11.015307620546    0.419165038837    6.7
 133    11.015307620546    0.419165038837    0.9
 134    11.015307620546    0.419165038837   -2.0
 135    11.015307620546    0.419165038837    6.5
 136    11.015307620546    0.419165038837    5.3
 137    11.015307620546    0.419165038837    11.8
 138    11.015307620546    0.419165038837    0.1
 139    11.015307620546    0.419165038837    6.1
 140    11.015307620546    0.419165038837    7.3
 141    11.015307620546    0.419165038837    8.0
 142    11.015307620546    0.419165038837    7.0
 143    11.015307620546    0.419165038837    5.7
 144    11.015307620546    0.419165038837    4.2
 145    11.015307620546    0.419165038837    5.5
 146    11.015307620546    0.419165038837    8.0
 147    11.015307620546    0.419165038837   -13.5
 148    11.015307620546    0.419165038837   -2.0
 149    11.015307620546    0.419165038837   -44.7
 150    11.015307620546    0.419165038837   -30.6
 151    11.015307620546    0.419165038837    4.4
 152    11.015307620546    0.419165038837    0.8
 153    11.015307620546    0.419165038837    7.6
 154    11.015307620546    0.419165038837    8.3
 155    11.015307620546    0.419165038837   -52.7
 156    11.015307620546    0.419165038837   -6.8
 157    11.015307620546    0.419165038837    5.8
 158    11.015307620546    0.419165038837    4.6
 159    11.015307620546    0.419165038837   -43.5
 160    11.015307620546    0.419165038837    6.2
 161    11.015307620546    0.419165038837    6.8
 162    11.015307620546    0.419165038837    1.5
 163    11.015307620546    0.419165038837   -30.7
 164    11.015307620546    0.419165038837   -7.7
 165    11.015307620546    0.419165038837    9.8
 166    11.015307620546    0.419165038837   -20.4
 167    11.015307620546    0.419165038837    12.3
 168    11.015307620546    0.419165038837    5.9
 169    11.015307620546    0.419165038837    7.0
 170    11.015307620546    0.419165038837   -13.8
 171    11.015307620546    0.419165038837    7.7
 172    11.015307620546    0.419165038837    0.4
 173    11.015307620546    0.419165038837   -34.5
 174    11.015307620546    0.419165038837   -10.0
 175    11.015307620546    0.419165038837   -29.2
 176    11.015307620546    0.419165038837    6.9
 177    11.015307620546    0.419165038837   -49.5
 178    11.015307620546    0.419165038837    5.7
 179    11.015307620546    0.419165038837   -9.6
 180    11.015307620546    0.419165038837   -16.9
 181    11.015307620546    0.419165038837    1.2
 182    11.015307620546    0.419165038837   -12.7
 183    11.015307620546    0.419165038837   -7.9
 184    11.015307620546    0.419165038837   -27.3
 185    11.015307620546    0.419165038837    6.2
 186    11.015307620546    0.419165038837    6.0
 187    11.015307620546    0.419165038837   -28.7
 188    11.015307620546    0.419165038837   -5.1
 189    11.015307620546    0.419165038837    7.2
 190    11.015307620546    0.419165038837    6.2
 191    11.015307620546    0.419165038837    5.0
 192    11.015307620546    0.419165038837    6.9
 193    11.015307620546    0.419165038837    6.5
 194    11.015307620546    0.419165038837    5.7
 195    11.015307620546    0.419165038837   -25.3
 196    11.015307620546    0.419165038837    6.1
 197    11.015307620546    0.419165038837   -8.1
 198    11.015307620546    0.419165038837    9.0
 199    11.015307620546    0.419165038837    5.7
 200    11.015307620546    0.419165038837   -12.6
 201    11.015307620546    0.419165038837    6.0
 202    11.015307620546    0.419165038837    9.1
 203    11.015307620546    0.419165038837   -37.2
 204    11.015307620546    0.419165038837   -28.6
 205    11.015307620546    0.419165038837   -29.5
 206    11.015307620546    0.419165038837    2.4
 207    11.015307620546    0.419165038837   -11.9
 208    11.015307620546    0.419165038837    6.9
 209    11.015307620546    0.419165038837   -4.6
 210    11.015307620546    0.419165038837   -35.2
 211    11.015307620546    0.419165038837   -38.5
 212    11.015307620546    0.419165038837    6.6
 213    11.015307620546    0.419165038837    7.1
 214    11.015307620546    0.419165038837    3.4
 215    11.015307620546    0.419165038837   -3.6
 216    11.015307620546    0.419165038837   -32.5
 217    11.015307620546    0.419165038837   -66.0
 218    11.015307620546    0.419165038837   -1.3
 219    11.015307620546    0.419165038837   -7.4
 220    11.015307620546    0.419165038837    5.9
 221    11.015307620546    0.419165038837    5.8
 222    11.015307620546    0.419165038837    6.5
 223    11.015307620546    0.419165038837    2.1
 224    11.015307620546    0.419165038837    8.0
 225    11.015307620546    0.419165038837   -14.4
 226    11.015307620546    0.419165038837   -30.2
 227    11.015307620546    0.419165038837    3.6
 228    11.015307620546    0.419165038837   -28.9
 229    11.015307620546    0.419165038837    6.0
 230    11.015307620546    0.419165038837   -56.7
 231    11.015307620546    0.419165038837    0.9
 232    11.015307620546    0.419165038837    10.6
 233    11.015307620546    0.419165038837    4.6
 234    11.015307620546    0.419165038837    7.6
 235    11.015307620546    0.419165038837    5.4
 236    11.015307620546    0.419165038837    5.9
 237    11.015307620546    0.419165038837   -5.1
 238    11.015307620546    0.419165038837   -0.6
 239    11.015307620546    0.419165038837    8.3
 240    11.015307620546    0.419165038837   -26.5
 241    11.015307620546    0.419165038837    6.0
 242    11.015307620546    0.419165038837   -14.4
 243    11.015307620546    0.419165038837    5.9
 244    11.015307620546    0.419165038837   -12.2
 245    11.015307620546    0.419165038837    7.8
 246    11.015307620546    0.419165038837    6.8
 247    11.015307620546    0.419165038837    8.3
 248    11.015307620546    0.419165038837    7.9
 249    11.015307620546    0.419165038837   -27.4
 250    11.015307620546    0.419165038837   -0.1
 251    11.015307620546    0.419165038837    9.5
 252    11.015307620546    0.419165038837   -43.2
 253    11.015307620546    0.419165038837    5.9
 254    11.015307620546    0.419165038837    4.0
 255    11.015307620546    0.419165038837    8.2
 256    11.015307620546    0.419165038837    6.3
 257    11.015307620546    0.419165038837    2.6
 258    11.015307620546    0.419165038837    6.7
 259    11.015307620546    0.419165038837    8.9
 260    11.015307620546    0.419165038837    5.9
 261    11.015307620546    0.419165038837   -28.5
 262    11.015307620546    0.419165038837   -3.7
 263    11.015307620546    0.419165038837    7.9
 264    11.015307620546    0.419165038837    6.7
 265    11.015307620546    0.419165038837    7.4
 266    11.015307620546    0.419165038837   -32.6
 267    11.015307620546    0.419165038837    6.9
 268    11.015307620546    0.419165038837    6.3
 269    11.015307620546    0.419165038837    6.4
 270    11.015307620546    0.419165038837    8.5
 271    11.015307620546    0.419165038837   -47.9
 272    11.015307620546    0.419165038837   -30.7
 273    11.015307620546    0.419165038837    6.0
 274    11.015307620546    0.419165038837    7.4
 275    11.015307620546    0.419165038837   -11.0
 276    11.015307620546    0.419165038837   -30.7
Warning: Maximum number of function evaluations has been exceeded.
 277    11.269237371366    0.580036501178    5.1
 278    11.000922195857    0.580036501178    5.1
 279    11.135079783612    0.587668560404    4.1
 280    11.135079783612    0.583852530791   -44.8
 281    11.168619180550    0.583852530791    6.1
 282    11.168619180550    0.581944515985   -37.1
 283    11.135079783612    0.583375527090   -69.8
 284    11.130887358994    0.583137025239   -34.1
 285    11.130887358994    0.583614028941   -18.6
 286    11.135079783612    0.583390433455   -39.7
 287    11.135341810150    0.583375527090   -68.3
 288    11.135341810150    0.583360620724    4.9
 289    11.135210796881    0.583368073907    5.1
 290    11.135079783612    0.583368073907   -32.6
 291    11.135079783612    0.583373663794   -47.2
 292    11.135047030294    0.583375527090    6.4
 293    11.135087971941    0.583375061266    5.0
 294    11.135081830694    0.583375177722   -7.9
 295    11.135083877776    0.583375294178   -32.1
 296    11.135081830694    0.583375410634   -11.3
 297    11.135080295382    0.583375439748   -55.3
 298    11.135078248300    0.583375556204    6.4
 299    11.135080295382    0.583375497976   -104.8
 300    11.135080103468    0.583375501615   -31.7
 301    11.135080199425    0.583375499795   -0.3
 302    11.135080283388    0.583375498203   -31.7
 303    11.135080296382    0.583375497805   -7.4
 304    11.135080293883    0.583375498004    0.3
 305    11.135080293383    0.583375498090   -55.5
 306    11.135080294133    0.583375498018   -31.9
 307    11.135080294383    0.583375498033   -2.4
 308    11.135080295007    0.583375498011   -100.2
 309    11.135080296007    0.583375497954    5.4
 310    11.135080294883    0.583375498004   -25.4
 311    11.135080295289    0.583375497985   -37.3
 312    11.135080295539    0.583375497970    6.1
 313    11.135080295335    0.583375497980    4.9
 314    11.135080295351    0.583375497978   -28.9
 315    11.135080295375    0.583375497976   -8.8
 316    11.135080295379    0.583375497976    4.7
 317    11.135080295379    0.583375497976   -107.1
 318    11.135080295387    0.583375497976   -1.0
 319    11.135080295381    0.583375497976   -7.1
 320    11.135080295380    0.583375497976    3.4
 321    11.135080295379    0.583375497976   -3.2
 322    11.135080295379    0.583375497976   -57.4
 323    11.135080295379    0.583375497976   -45.4
 324    11.135080295379    0.583375497976   -30.5
 325    11.135080295379    0.583375497976    6.9
 326    11.135080295379    0.583375497976    6.5
 327    11.135080295379    0.583375497976   -0.2
 328    11.135080295379    0.583375497976    6.1
 329    11.135080295379    0.583375497976   -68.9
 330    11.135080295379    0.583375497976   -31.8
 331    11.135080295379    0.583375497976    7.8
 332    11.135080295379    0.583375497976    4.8
 333    11.135080295379    0.583375497976   -32.3
 334    11.135080295379    0.583375497976    5.3
 335    11.135080295379    0.583375497976    7.0
 336    11.135080295379    0.583375497976   -3.3
 337    11.135080295379    0.583375497976   -68.0
 338    11.135080295379    0.583375497976   -66.7
 339    11.135080295379    0.583375497976   -31.3
 340    11.135080295379    0.583375497976   -67.6
 341    11.135080295379    0.583375497976   -69.2
 342    11.135080295379    0.583375497976   -75.8
 343    11.135080295379    0.583375497976    2.4
 344    11.135080295379    0.583375497976   -32.1
 345    11.135080295379    0.583375497976   -41.7
 346    11.135080295379    0.583375497976    5.0
 347    11.135080295379    0.583375497976   -62.7
 348    11.135080295379    0.583375497976    4.7
 349    11.135080295379    0.583375497976    5.0
 350    11.135080295379    0.583375497976    4.7
 351    11.135080295379    0.583375497976   -42.1
 352    11.135080295379    0.583375497976   -69.6
 353    11.135080295379    0.583375497976   -65.6
 354    11.135080295379    0.583375497976   -49.3
 355    11.135080295379    0.583375497976    4.2
 356    11.135080295379    0.583375497976   -0.5
 357    11.135080295379    0.583375497976    0.9
 358    11.135080295379    0.583375497976    7.3
 359    11.135080295379    0.583375497976   -25.4
 360    11.135080295379    0.583375497976   -32.4
 361    11.135080295379    0.583375497976   -7.8
 362    11.135080295379    0.583375497976   -73.0
 363    11.135080295379    0.583375497976   -30.9
 364    11.135080295379    0.583375497976   -34.0
 365    11.135080295379    0.583375497976   -34.3
 366    11.135080295379    0.583375497976   -31.8
 367    11.135080295379    0.583375497976   -50.9
 368    11.135080295379    0.583375497976   -29.7
 369    11.135080295379    0.583375497976    5.5
 370    11.135080295379    0.583375497976    3.3
 371    11.135080295379    0.583375497976    6.1
 372    11.135080295379    0.583375497976    2.6
 373    11.135080295379    0.583375497976   -13.3
 374    11.135080295379    0.583375497976   -3.1
 375    11.135080295379    0.583375497976    4.5
 376    11.135080295379    0.583375497976    5.5
 377    11.135080295379    0.583375497976    4.5
 378    11.135080295379    0.583375497976   -31.9
 379    11.135080295379    0.583375497976   -18.5
 380    11.135080295379    0.583375497976   -11.2
 381    11.135080295379    0.583375497976   -31.2
 382    11.135080295379    0.583375497976   -42.2
 383    11.135080295379    0.583375497976   -12.3
 384    11.135080295379    0.583375497976    4.8
 385    11.135080295379    0.583375497976   -35.5
 386    11.135080295379    0.583375497976    4.7
 387    11.135080295379    0.583375497976   -29.4
 388    11.135080295379    0.583375497976   -68.5
 389    11.135080295379    0.583375497976   -32.2
 390    11.135080295379    0.583375497976   -21.3
 391    11.135080295379    0.583375497976    4.7
 392    11.135080295379    0.583375497976    3.3
 393    11.135080295379    0.583375497976   -39.7
 394    11.135080295379    0.583375497976    2.7
Warning: Maximum number of function evaluations has been exceeded.
/home/alhaddwt/anaconda3/lib/python3.7/site-packages/scipy/optimize/_basinhopping.py:679: DeprecationWarning: Using or importing the ABCs from 'collections' instead of from 'collections.abc' is deprecated, and in 3.8 it will stop working
  if isinstance(callback, collections.Callable):
requested number of basinhopping iterations completed successfully
[11.1350803  0.5833755]
optimization result for a batch of size 5 initialized at [11.   0.4] is [11.1350803  0.5833755] with functional value -107.10081437286814 with message requested number of basinhopping iterations completed successfully results save in fit_SDE19-10-01-12-40-52
 results save in fit_SDE19-10-01-12-40-52
startimg fit for a batch of size 10 initialized at [11.1350803  0.5833755]
starting optimization
Evaluating using rand_approx_lamperti
 395    11.135080295379    0.612544272875    7.0
 396    11.139429936119    0.612316391821   -30.6
 397    11.139429936119    0.612318172142   -43.0
 398    11.139412945335    0.612317727062   -30.5
 399    11.139428874195    0.612318144324   -27.6
 400    11.139429405157    0.612318158233   -6.7
 401    11.139429869749    0.612318156494    6.5
 402    11.139429902934    0.612318164318   -107.7
 403    11.139429919527    0.612318164753   -70.1
 404    11.139429911230    0.612318164535   -66.8
 405    11.139429902958    0.612318164320   -58.8
 406    11.139429902934    0.612318164318   -16.3
 407    11.139429902934    0.612318164318   -76.1
 408    11.139429902934    0.612318164318   -30.3
 409    11.139429902934    0.612318164318   -28.3
 410    11.139429902934    0.612318164318   -31.5
 411    11.139429902934    0.612318164318   -45.3
 412    11.139429902934    0.612318164318   -29.1
 413    11.139429902934    0.612318164318   -94.6
 414    11.139429902934    0.612318164318   -74.1
 415    11.139429902934    0.612318164318   -45.6
 416    11.139429902934    0.612318164318   -103.6
 417    11.139429902934    0.612318164318   -43.3
 418    11.139429902934    0.612318164318   -32.4
 419    11.139429902934    0.612318164318   -30.3
 420    11.139429902934    0.612318164318   -48.0
 421    11.139429902934    0.612318164318   -34.6
 422    11.139429902934    0.612318164318   -44.0
 423    11.139429902934    0.612318164318   -67.9
 424    11.139429902934    0.612318164318    7.0
 425    11.139429902934    0.612318164318   -125.2
 426    11.139429902934    0.612318164318    8.3
 427    11.139429902934    0.612318164318   -30.0
 428    11.139429902934    0.612318164318   -76.2
 429    11.139429902934    0.612318164318    1.8
 430    11.139429902934    0.612318164318   -121.2
 431    11.139429902934    0.612318164318   -10.2
 432    11.139429902934    0.612318164318   -56.6
 433    11.139429902934    0.612318164318    11.6
 434    11.139429902934    0.612318164318   -13.5
Warning: Maximum number of function evaluations has been exceeded.
 435    11.074141079995    0.672249921127   -65.9
 436    11.005782184440    0.676451483134   -100.6
 437    11.074141079995    0.676451483134   -58.3
 438    11.007918399926    0.676451483134   -96.0
 439    11.005782184440    0.676484307837   -40.2
 440    11.005786356736    0.676451611356   -88.7
 441    11.005782184456    0.676451483139   -78.0
 442    11.005782184440    0.676451483134   -2.5
 443    11.005782184440    0.676451483134   -66.1
 444    11.005782184440    0.676451483134   -75.7
 445    11.005782184440    0.676451483134   -92.7
 446    11.005782184440    0.676451483134   -70.7
 447    11.005782184440    0.676451483134   -39.4
 448    11.005782184440    0.676451483134   -0.9
 449    11.005782184440    0.676451483134   -91.8
 450    11.005782184440    0.676451483134    3.7
Warning: Maximum number of function evaluations has been exceeded.
requested number of basinhopping iterations completed successfully
[11.1394299   0.61231816]
optimization result for a batch of size 10 initialized at [11.1350803  0.5833755] is [11.1394299   0.61231816] with functional value -125.19593653209631 with message requested number of basinhopping iterations completed successfully results save in fit_SDE19-10-01-12-40-52
 results save in fit_SDE19-10-01-12-40-52
startimg fit for a batch of size 20 initialized at [11.1394299   0.61231816]
starting optimization
Evaluating using rand_approx_lamperti
 451    11.139701861672    0.612303215144   -27.5
 452    11.139699736994    0.612303331934   -169.7
 453    11.139699736994    0.612303331934   -70.3
Warning: Maximum number of function evaluations has been exceeded.
/home/alhaddwt/anaconda3/lib/python3.7/site-packages/scipy/optimize/optimize.py:563: RuntimeWarning: invalid value encountered in subtract
  numpy.max(numpy.abs(fsim[0] - fsim[1:])) <= fatol):
/home/alhaddwt/anaconda3/lib/python3.7/site-packages/numpy/core/fromnumeric.py:83: RuntimeWarning: invalid value encountered in reduce
  return ufunc.reduce(obj, axis, dtype, out, **passkwargs)
Warning: Maximum number of function evaluations has been exceeded.
requested number of basinhopping iterations completed successfully
[11.13969974  0.61230333]
optimization result for a batch of size 20 initialized at [11.1394299   0.61231816] is [11.13969974  0.61230333] with functional value -169.74820933353033 with message requested number of basinhopping iterations completed successfully results save in fit_SDE19-10-01-12-40-52
 results save in fit_SDE19-10-01-12-40-52
startimg fit for a batch of size 40 initialized at [11.13969974  0.61230333]
starting optimization
Evaluating using rand_approx_lamperti
Warning: Maximum number of function evaluations has been exceeded.
 454    11.471308371693    0.363699656560    7813382858487132.0
 455    11.400497826189    0.363699656560    5047989435748742.0
 456    11.400497826189    0.365972779414    6782172064846245.0
 457    11.435903098941    0.363699656560    2356559215590518.5
 458    11.435903098941    0.362563095133    2179230951357916.2
 459    11.418200462565    0.363415516203    1031810301293026.8
 460    11.431477439847    0.363344481114    512893172167502.2
 461    11.422626121659    0.363770691649    1050030994848363.0
 462    11.428711402913    0.363406636817    5771091547086465.0
 463    11.433137062007    0.363193531550    3063715649038043.5
 464    11.430993383384    0.363341151344    4856886239490691.0
 465    11.430820506075    0.363380553620    3251997097213623.5
 466    11.431062534307    0.363382218505    2826776894638987.0
 467    11.431719468079    0.363346145999    2268805392879319.0
 468    11.431507693376    0.363344689225    6518361434639729.0
 469    11.431492566612    0.363344585170    1569712894945150.8
 470    11.431464474049    0.363345660408    5952456516702944.0
 471    11.431456910667    0.363345608380    4299862328408755.0
 472    11.431469876465    0.363344429087    7533638424660227.0
 473    11.431467175257    0.363345044747    4552259505669822.0
 474    11.431474873700    0.363344622022    3422829024930046.5
 475    11.431476156773    0.363344551568    7090318154902163.0
 476    11.431476713897    0.363344535581    6035555964433050.0
 477    11.431476798310    0.363344516341    2802589027591022.5
 478    11.431477258360    0.363344494731    2025678377824129.2
 479    11.431477457257    0.363344480615    3210640132220473.0
 480    11.431477436352    0.363344481477    3206680002849666.5
 481    11.431477440282    0.363344481110    7677945061580054.0
 482    11.431477440719    0.363344481065    2685413856828239.5
 483    11.431477440066    0.363344481092    5694763717361044.0
 484    11.431477439793    0.363344481115    951843592121636.6
 485    11.431477439844    0.363344481114    3786557904810603.0
 486    11.431477439848    0.363344481114    3328233449802707.0
 487    11.431477439845    0.363344481114    3475461807097977.5
 488    11.431477439847    0.363344481114    57.0
 489    11.431477439847    0.363344481114    8972573729266155.0
 490    11.431477439847    0.363344481114    3525971631999717.0
 491    11.431477439847    0.363344481114    4887488048718816.0
 492    11.431477439847    0.363344481114    3825184537832600.0
 493    11.431477439847    0.363344481114    4398286447678584.5
 494    11.431477439847    0.363344481114    2645555785139506.5
 495    11.431477439847    0.363344481114    2287323640333092.0
 496    11.431477439847    0.363344481114    5246870674554668.0
 497    11.431477439847    0.363344481114    4346353819715738.0
 498    11.431477439847    0.363344481114    5497574364006427.0
 499    11.431477439847    0.363344481114    833849611820300.6
 500    11.431477439847    0.363344481114    7355726295614318.0
 501    11.431477439847    0.363344481114    2631179557323757.0
 502    11.431477439847    0.363344481114    2901726515303275.5
 503    11.431477439847    0.363344481114    4739044472237042.0
 504    11.431477439847    0.363344481114    6663925995978914.0
 505    11.431477439847    0.363344481114    7548744855722971.0
 506    11.431477439847    0.363344481114    1853467898470800.0
 507    11.431477439847    0.363344481114    3652196577131503.0
 508    11.431477439847    0.363344481114    5493259754533990.0
 509    11.431477439847    0.363344481114    6470953525944172.0
 510    11.431477439847    0.363344481114    3308484517316614.5
 511    11.431477439847    0.363344481114    4558302625036313.0
 512    11.431477439847    0.363344481114    3872546165903073.5
 513    11.431477439847    0.363344481114    5985716726207224.0
 514    11.431477439847    0.363344481114    5330541928906537.0
 515    11.431477439847    0.363344481114    1239441098135732.5
 516    11.431477439847    0.363344481114    2741839363838181.5
 517    11.431477439847    0.363344481114    3993606463023130.5
 518    11.431477439847    0.363344481114    3929468597347379.0
 519    11.431477439847    0.363344481114    5832620967811806.0
 520    11.431477439847    0.363344481114    2501614292555484.0
 521    11.431477439847    0.363344481114    3226497312030535.0
 522    11.431477439847    0.363344481114    2037049499306879.0
 523    11.431477439847    0.363344481114    2153166494823076.5
 524    11.431477439847    0.363344481114    5023302292472806.0
 525    11.431477439847    0.363344481114    1035979662389074.8
 526    11.431477439847    0.363344481114    2928056195719724.5
 527    11.431477439847    0.363344481114    4504749957314364.0
 528    11.431477439847    0.363344481114    3290095146377229.5
 529    11.431477439847    0.363344481114    3730396159569036.0
 530    11.431477439847    0.363344481114    3684648204896009.5
 531    11.431477439847    0.363344481114    2572276001308064.0
 532    11.431477439847    0.363344481114    4118311880115052.0
 533    11.431477439847    0.363344481114    2492640284249242.0
 534    11.431477439847    0.363344481114    4487247387751072.5
 535    11.431477439847    0.363344481114    4581632344375045.0
 536    11.431477439847    0.363344481114    5585282990735533.0
 537    11.431477439847    0.363344481114    4482994234858487.0
 538    11.431477439847    0.363344481114    4380540803793976.0
 539    11.431477439847    0.363344481114    2243833112387330.5
 540    11.431477439847    0.363344481114    3334106976445877.0
Warning: Maximum number of function evaluations has been exceeded.
requested number of basinhopping iterations completed successfully
[11.43147744  0.36334448]
optimization result for a batch of size 40 initialized at [11.13969974  0.61230333] is [11.43147744  0.36334448] with functional value 56.99253838476372 with message requested number of basinhopping iterations completed successfully results save in fit_SDE19-10-01-12-40-52
 results save in fit_SDE19-10-01-12-40-52
startimg fit for a batch of size 80 initialized at [11.43147744  0.36334448]
starting optimization
Evaluating using rand_approx_lamperti
 541    11.717264375843    0.354260869086    12548855143632960.0
 542    11.860157843841    0.345177257059    15962117057219584.0
 543    11.574370907845    0.354260869086    18863618102728932.0
 544    11.717264375843    0.351989966079    13132110485852010.0
 545    11.726195217593    0.353977006211    13234037502972370.0
 546    11.717264375843    0.354225386227    9246801250061786.0
 547    11.717822553452    0.354234256942    10289348347600876.0
 548    11.717264375843    0.354225524832    2270421262495235.0
 549    11.717264920938    0.354225481518    9426998300349900.0
 550    11.717264443980    0.354225502092    9578795362653952.0
 551    11.717264384360    0.354225521989    13974067592307688.0
 552    11.717264363067    0.354225524764    14510556362990326.0
 553    11.717264374778    0.354225524104    7067457827271513.0
 554    11.717264376575    0.354225524791    8557155996432770.0
 555    11.717264375844    0.354225524832    10657767939071846.0
 556    11.717264375838    0.354225524832    10918297188641796.0
 557    11.717264375843    0.354225524832    12586865069846804.0
 558    11.717264375843    0.354225524832    5042482133940020.0
 559    11.717264375843    0.354225524832    10361763880680458.0
 560    11.717264375843    0.354225524832    12362603113854068.0
 561    11.717264375843    0.354225524832    8111771516443476.0
 562    11.717264375843    0.354225524832    8396588115835461.0
 563    11.717264375843    0.354225524832    8997934253414528.0
 564    11.717264375843    0.354225524832    10458107801220714.0
 565    11.717264375843    0.354225524832    11202453265242598.0
 566    11.717264375843    0.354225524832    7596577516898866.0
 567    11.717264375843    0.354225524832    7437172051523741.0
 568    11.717264375843    0.354225524832    5113140228515941.0
 569    11.717264375843    0.354225524832    6269791624771889.0
 570    11.717264375843    0.354225524832    12356051794504352.0
 571    11.717264375843    0.354225524832    9134634085239470.0
 572    11.717264375843    0.354225524832    11227777010960682.0
 573    11.717264375843    0.354225524832    15667080299097594.0
 574    11.717264375843    0.354225524832    15087889220712470.0
Warning: Maximum number of function evaluations has been exceeded.
 575    12.209134052608    0.096029766350    49246370280958840.0
 576    12.819590755238    0.096029766350    52222375079581664.0
 577    12.209134052608    0.100831254668    48085587088673648.0
 578    11.598677349977    0.100831254668    54262843527765016.0
 579    12.514362403923    0.097230138429    51763091435495024.0
 580    11.903905701292    0.099630882588    52098999059562576.0
 581    12.361748228265    0.097830324469    48387429338921048.0
 582    12.361748228265    0.102631812787    41505418723079624.0
 583    12.438055316094    0.105932836005    52861663344251680.0
 584    12.209134052608    0.105632742985    51669499146818432.0
 585    12.323594684351    0.099780929098    56002092173953392.0
 586    12.285441140436    0.101731533727    48530418158270192.0
 587    12.361748228265    0.100231068628    47101560769298968.0
 588    12.438055316094    0.101131347687    48502768606106016.0
 589    12.399901772180    0.101281394197    44903125974148624.0
 590    12.399901772180    0.103682138356    44296195137643288.0
 591    12.361748228265    0.105032556945    58049522224584768.0
 592    12.390363386201    0.102219184884    55510364496959200.0
 593    12.380825000222    0.103156975571    49813828813476128.0
 594    12.361748228265    0.103832184866    50530812564976304.0
 595    12.366517421254    0.103363289522    42980786980821664.0
 596    12.347440649297    0.102838126738    52548764528895736.0
 597    12.372478912491    0.103077263363    44913991009384848.0
 598    12.355786737029    0.102917838946    49363918406053480.0
 599    12.368305868625    0.103037407259    50632150666728336.0
 600    12.364132824760    0.102997551155    41037365029428208.0
 601    12.367113570378    0.102854538075    41075601741604544.0
 602    12.369498166873    0.103220276443    47744196340729960.0
 603    12.363685712917    0.102778928701    54278179535568200.0
 604    12.365623197569    0.102926044615    48014708427320392.0
 605    12.362940526513    0.102814681971    49065349611112128.0
 606    12.366815495816    0.103108913799    56533536177230808.0
 607    12.363909268838    0.102888239928    51353707055371832.0
 608    12.364878011164    0.102961797885    45631746325532960.0
 609    12.363536675636    0.102906116563    54726040214568192.0
 610    12.365474160288    0.103053232477    45760417434826560.0
 611    12.364989789125    0.103016453498    47974456102057168.0
 612    12.364505417962    0.102979674520    52977227387542352.0
 613    12.363834750198    0.102951833859    48217210318932232.0
 614    12.363462156996    0.102969710494    47108005966530880.0
 615    12.363760231558    0.103015427790    46713683906139960.0
 616    12.364430899322    0.103043268451    58989123672174064.0
 617    12.363946528159    0.103006489472    46720991633379240.0
 618    12.363797490878    0.102983630824    40913349225263568.0
 619    12.363983787479    0.102974692507    54732970319031008.0
 620    12.363955842989    0.102998540231    44468840030322192.0
 621    12.363974472649    0.102982641748    50644902061517200.0
 622    12.363965157819    0.102990590989    53966598927853104.0
 623    12.363876666933    0.102991085527    51098047049198920.0
 624    12.363708999992    0.102984125362    54058883890401480.0
 625    12.363901118362    0.102988974582    54732516285748928.0
 626    12.363837078906    0.102987358176    51498615263662712.0
 627    12.363753245435    0.102983878093    60116335043766704.0
 628    12.363785265163    0.102984686296    54942540586516288.0
 629    12.363849304620    0.102986302703    43053245687635608.0
 630    12.363809716592    0.102982575352    47187838326120328.0
 631    12.363816557171    0.102983771058    44873154368070032.0
 632    12.363830238327    0.102986162470    53691177235400752.0
 633    12.363819977460    0.102984368911    54875199470565272.0
 634    12.363823397749    0.102984966764    48535019628606048.0
 635    12.363807024024    0.102983700941    49282941854944008.0
 636    12.363813864602    0.102984896647    63907901312069344.0
 637    12.363808734169    0.102983999867    48050346961748152.0
 638    12.363782827298    0.102982663928    43001453172329848.0
 639    12.363771584007    0.102982294884    50431861200376696.0
 640    12.363799446628    0.102983573622    55747643477304832.0
 641    12.363790159088    0.102983147376    46999436528328448.0
 642    12.363784537442    0.102982962854    52945275876068056.0
 643    12.363789181212    0.102983175977    40772525584537632.0
 644    12.363796513003    0.102983659425    50393135282848008.0
 645    12.363791747566    0.102983275388    45024404765012184.0
 646    12.363794924524    0.102983531413    52519909095257320.0
 647    12.363792541806    0.102983339394    46276503794587008.0
 648    12.363793336045    0.102983403401    47785378204867512.0
 649    12.363790464389    0.102983225683    51113400642162360.0
 650    12.363792052868    0.102983353695    43524835505604472.0
 651    12.363787898036    0.102983126272    50356061365706392.0
 652    12.363791976543    0.102983334118    51692943122214256.0
 653    12.363791258629    0.102983289689    53198668053512784.0
 654    12.363789822801    0.102983200830    49804462600537112.0
 655    12.363787745385    0.102983087118    46174748574748456.0
 656    12.363789143050    0.102983166189    42015738473490064.0
 657    12.363790578878    0.102983255048    41898797981638808.0
 658    12.363790617040    0.102983264836    35384843022132088.0
 659    12.363791354036    0.102983314160    49217615060713176.0
 660    12.363789219375    0.102983185765    48118678318421136.0
 661    12.363790239002    0.102983237727    50003833191050064.0
 662    12.363789899126    0.102983220407    44423432202735816.0
 663    12.363790597959    0.102983259942    44515649129878040.0
 664    12.363789918208    0.102983225301    52404829310098960.0
 665    12.363790428021    0.102983251282    50201874604076312.0
 666    12.363790258083    0.102983242621    45614395081918936.0
 667    12.363790607500    0.102983262389    45693343733701912.0
 668    12.363790267624    0.102983245068    51758868969314824.0
 669    12.363790522531    0.102983258059    41979454874304320.0
 670    12.363790881488    0.102983280274    44329016694721424.0
 671    12.363790725637    0.102983270860    42125027732311560.0
 672    12.363790413934    0.102983252034    51355656219655848.0
 673    12.363790647711    0.102983266154    44474179260741848.0
 674    12.363790569786    0.102983261447    54554918966054696.0
 675    12.363790671338    0.102983267848    49908034658676640.0
 676    12.363790718593    0.102983271237    41787556611441504.0
 677    12.363790664295    0.102983268225    54299265418679920.0
 678    12.363790669578    0.102983267942    46404247764514384.0
 679    12.363790666056    0.102983268131    46771438201983328.0
 680    12.363790668697    0.102983267989    47119868009929384.0
 681    12.363790667817    0.102983268036    44356652433900440.0
 682    12.363790643309    0.102983266389    49514612357738208.0
 683    12.363790641548    0.102983266483    45863186781741200.0
 684    12.363790641988    0.102983266460    60195073833292120.0
 685    12.363790642429    0.102983266436    57655652561670504.0
 686    12.363790630175    0.102983265613    48273840550684720.0
 687    12.363790604786    0.102983264012    54056519710794320.0
 688    12.363790614197    0.102983264618    47154133096659176.0
 689    12.363790601063    0.102983263842    50207956313173344.0
 690    12.363790622897    0.102983265170    44396548294441416.0
 691    12.363790625740    0.102983265388    55257859708308184.0
 692    12.363790617083    0.102983264811    37620254747088528.0
 693    12.363790611226    0.102983264477    38709387899939096.0
 694    12.363790617062    0.102983264823    56564401611803200.0
 695    12.363790619968    0.102983265003    48311938827983184.0
 696    12.363790619947    0.102983265016    51905723981823008.0
 697    12.363790619226    0.102983264968    49679913909237408.0
 698    12.363790617783    0.102983264871    43759633178772032.0
 699    12.363790614855    0.102983264704    42929473969676136.0
 700    12.363790614112    0.102983264669    44085750090490288.0
 701    12.363790616865    0.102983264821    47619750317234336.0
 702    12.363790615948    0.102983264770    52627923121800272.0
 703    12.363790617412    0.102983264854    43140427769833856.0
 704    12.363790618504    0.102983264920    39644724948664264.0
 705    12.363790618133    0.102983264902    47528976931404904.0
 706    12.363790617772    0.102983264878    45837784340780816.0
 707    12.363790617587    0.102983264869    46771201705576176.0
 708    12.363790617497    0.102983264863    61803753795277312.0
 709    12.363790617406    0.102983264857    44716586894029792.0
 710    12.363790617133    0.102983264840    44916319059049544.0
 711    12.363790617314    0.102983264852    46699426497965664.0
 712    12.363790617178    0.102983264843    41238598242401168.0
 713    12.363790617258    0.102983264848    48863619195933368.0
 714    12.363790617109    0.102983264840    50009048829882464.0
 715    12.363790617223    0.102983264846    41150145508408856.0
 716    12.363790617154    0.102983264843    46486433987461744.0
 717    12.363790617143    0.102983264842    44673927280142840.0
 718    12.363790617121    0.102983264841    57973288028164608.0
 719    12.363790617137    0.102983264842    54682861054595152.0
 720    12.363790617132    0.102983264841    53242568970798408.0
 721    12.363790617092    0.102983264839    43617339624116192.0
 722    12.363790617000    0.102983264834    50390774749767896.0
 723    12.363790617033    0.102983264836    51011756750347344.0
 724    12.363790617066    0.102983264838    56478755981382056.0
 725    12.363790617086    0.102983264839    43127255934419192.0
 726    12.363790617060    0.102983264837    55420571395768400.0
 727    12.363790617062    0.102983264837    46256155593270408.0
 728    12.363790617065    0.102983264837    46551088844504832.0
 729    12.363790617062    0.102983264837    40451562117413680.0
 730    12.363790617017    0.102983264835    48377005313177280.0
 731    12.363790617069    0.102983264838    55115736024888488.0
 732    12.363790617051    0.102983264837    55839993397715200.0
 733    12.363790617063    0.102983264837    50047549430247984.0
 734    12.363790617052    0.102983264837    50685805031153048.0
 735    12.363790617052    0.102983264837    47835626686460144.0
 736    12.363790617029    0.102983264835    49150222958798744.0
 737    12.363790617046    0.102983264836    35041032239991640.0
 738    12.363790617035    0.102983264836    56452657979977336.0
 739    12.363790617039    0.102983264836    48159331829725440.0
 740    12.363790617047    0.102983264836    55532305462719136.0
 741    12.363790617041    0.102983264836    38517745357736320.0
 742    12.363790617045    0.102983264836    42104605448550840.0
 743    12.363790617042    0.102983264836    41546575760096248.0
 744    12.363790617043    0.102983264836    49810885162843536.0
 745    12.363790617044    0.102983264836    61058347561344848.0
 746    12.363790617046    0.102983264836    49306389766986664.0
 747    12.363790617049    0.102983264837    40619207664881896.0
 748    12.363790617049    0.102983264837    43872747806704280.0
 749    12.363790617048    0.102983264836    41113141863182400.0
 750    12.363790617047    0.102983264836    43575791924845040.0
 751    12.363790617048    0.102983264836    64498080772239176.0
 752    12.363790617047    0.102983264836    48643036075329816.0
 753    12.363790617047    0.102983264836    50782213153266536.0
 754    12.363790617046    0.102983264836    47189595571240224.0
 755    12.363790617045    0.102983264836    50704050150849928.0
 756    12.363790617047    0.102983264836    40132769595932464.0
 757    12.363790617047    0.102983264836    36319498434158592.0
 758    12.363790617046    0.102983264836    51109330990541208.0
 759    12.363790617047    0.102983264836    56720887601630200.0
 760    12.363790617046    0.102983264836    53651335252580984.0
 761    12.363790617046    0.102983264836    46898085749787520.0
 762    12.363790617046    0.102983264836    45956734998683232.0
 763    12.363790617046    0.102983264836    46203287252047016.0
 764    12.363790617046    0.102983264836    56997783188409768.0
 765    12.363790617046    0.102983264836    50028334324386064.0
 766    12.363790617046    0.102983264836    41091281453475920.0
 767    12.363790617046    0.102983264836    45339939640802768.0
 768    12.363790617046    0.102983264836    44392321425197512.0
 769    12.363790617046    0.102983264836    43304011091133144.0
 770    12.363790617046    0.102983264836    53306733009911384.0
 771    12.363790617046    0.102983264836    46457425708288456.0
 772    12.363790617046    0.102983264836    42806357690607104.0
 773    12.363790617046    0.102983264836    57516218437366040.0
 774    12.363790617046    0.102983264836    56522680099720192.0
 775    12.363790617046    0.102983264836    49106648288103752.0
 776    12.363790617046    0.102983264836    49351012067864688.0
 777    12.363790617046    0.102983264836    43640323285468728.0
 778    12.363790617046    0.102983264836    62123051704745520.0
 779    12.363790617046    0.102983264836    51788073696925000.0
 780    12.363790617046    0.102983264836    51355522762600208.0
 781    12.363790617046    0.102983264836    48356875611114056.0
 782    12.363790617046    0.102983264836    47516313549620304.0
 783    12.363790617046    0.102983264836    58065284535478264.0
 784    12.363790617046    0.102983264836    46152928704684000.0
 785    12.363790617046    0.102983264836    49729353746073144.0
 786    12.363790617046    0.102983264836    48119077991214016.0
 787    12.363790617046    0.102983264836    50414766954926664.0
 788    12.363790617046    0.102983264836    38783674514152584.0
 789    12.363790617046    0.102983264836    42378265683170104.0
 790    12.363790617046    0.102983264836    43117404041606312.0
 791    12.363790617046    0.102983264836    51193404904091896.0
 792    12.363790617046    0.102983264836    50076845555766912.0
 793    12.363790617046    0.102983264836    50515563841689760.0
 794    12.363790617046    0.102983264836    51174415088748632.0
 795    12.363790617046    0.102983264836    40004559100473376.0
 796    12.363790617046    0.102983264836    55476763216374592.0
 797    12.363790617046    0.102983264836    53131644343454056.0
 798    12.363790617046    0.102983264836    35634226335342768.0
 799    12.363790617046    0.102983264836    46057407313623784.0
 800    12.363790617046    0.102983264836    47945153672280432.0
 801    12.363790617046    0.102983264836    51267460712743384.0
 802    12.363790617046    0.102983264836    44927499192880344.0
 803    12.363790617046    0.102983264836    54221408228592568.0
 804    12.363790617046    0.102983264836    46526887157094968.0
 805    12.363790617046    0.102983264836    46072803228134944.0
 806    12.363790617046    0.102983264836    48387399325074480.0
 807    12.363790617046    0.102983264836    48690213435693520.0
 808    12.363790617046    0.102983264836    49711828927455856.0
 809    12.363790617046    0.102983264836    48331195686369864.0
 810    12.363790617046    0.102983264836    55155282437017984.0
 811    12.363790617046    0.102983264836    47634767315458808.0
 812    12.363790617046    0.102983264836    41856414829837896.0
 813    12.363790617046    0.102983264836    43712901065013472.0
 814    12.363790617046    0.102983264836    46581159455147008.0
 815    12.363790617046    0.102983264836    45698743624030304.0
 816    12.363790617046    0.102983264836    57772983570212120.0
 817    12.363790617046    0.102983264836    52062948706940944.0
 818    12.363790617046    0.102983264836    48653902670632088.0
 819    12.363790617046    0.102983264836    47279121421964120.0
 820    12.363790617046    0.102983264836    54664704988997256.0
 821    12.363790617046    0.102983264836    44772328397936400.0
 822    12.363790617046    0.102983264836    54020830336722648.0
 823    12.363790617046    0.102983264836    54441110167843312.0
 824    12.363790617046    0.102983264836    54624798323898712.0
 825    12.363790617046    0.102983264836    52610653661293256.0
 826    12.363790617046    0.102983264836    44531113552960048.0
 827    12.363790617046    0.102983264836    43585538258539984.0
 828    12.363790617046    0.102983264836    56143889182994064.0
 829    12.363790617046    0.102983264836    57992658258297648.0
 830    12.363790617046    0.102983264836    55318824635560672.0
 831    12.363790617046    0.102983264836    50884196453367056.0
 832    12.363790617046    0.102983264836    35359322998357792.0
 833    12.363790617046    0.102983264836    51654786927760192.0
 834    12.363790617046    0.102983264836    39773453892246312.0
 835    12.363790617046    0.102983264836    59538491078116680.0
 836    12.363790617046    0.102983264836    55291759151416952.0
 837    12.363790617046    0.102983264836    50640528144238824.0
 838    12.363790617046    0.102983264836    51781458865520368.0
 839    12.363790617046    0.102983264836    48919252170907512.0
 840    12.363790617046    0.102983264836    31888298948464760.0
 841    12.363790617046    0.102983264836    56372246473126560.0
 842    12.363790617046    0.102983264836    54327428043650816.0
 843    12.363790617046    0.102983264836    54001964141057488.0
 844    12.363790617046    0.102983264836    44810572164312672.0
 845    12.363790617046    0.102983264836    43409468959961248.0
 846    12.363790617046    0.102983264836    59524621813181936.0
 847    12.363790617046    0.102983264836    54934124046989128.0
 848    12.363790617046    0.102983264836    44385368919223048.0
 849    12.363790617046    0.102983264836    43141850185864328.0
 850    12.363790617046    0.102983264836    51137585891205728.0
 851    12.363790617046    0.102983264836    52655698556905608.0
 852    12.363790617046    0.102983264836    59017340995146832.0
 853    12.363790617046    0.102983264836    41369128148476192.0
 854    12.363790617046    0.102983264836    55299075841735848.0
 855    12.363790617046    0.102983264836    48459626853529832.0
 856    12.363790617046    0.102983264836    44268452483543336.0
 857    12.363790617046    0.102983264836    46187581471878216.0
 858    12.363790617046    0.102983264836    53814177232553712.0
 859    12.363790617046    0.102983264836    43433311137550424.0
 860    12.363790617046    0.102983264836    47995765531436008.0
 861    12.363790617046    0.102983264836    59029838188284928.0
 862    12.363790617046    0.102983264836    51185268902447952.0
 863    12.363790617046    0.102983264836    54435696426950424.0
 864    12.363790617046    0.102983264836    46331365327544144.0
 865    12.363790617046    0.102983264836    43848176291814576.0
 866    12.363790617046    0.102983264836    44794143819280368.0
 867    12.363790617046    0.102983264836    51022499519558624.0
 868    12.363790617046    0.102983264836    44825225518930056.0
 869    12.363790617046    0.102983264836    44983583554511720.0
 870    12.363790617046    0.102983264836    54681125958350768.0
 871    12.363790617046    0.102983264836    47811645567151912.0
 872    12.363790617046    0.102983264836    51436277902699816.0
 873    12.363790617046    0.102983264836    56426794845289656.0
 874    12.363790617046    0.102983264836    39252422339876768.0
 875    12.363790617046    0.102983264836    47519840091144624.0
 876    12.363790617046    0.102983264836    44599694322561344.0
 877    12.363790617046    0.102983264836    44319683699316904.0
 878    12.363790617046    0.102983264836    54161575739148152.0
 879    12.363790617046    0.102983264836    55732383208072808.0
 880    12.363790617046    0.102983264836    47145095495685176.0
 881    12.363790617046    0.102983264836    41738228216677728.0
 882    12.363790617046    0.102983264836    55947381428424808.0
 883    12.363790617046    0.102983264836    50990309239264136.0
 884    12.363790617046    0.102983264836    54066949914696064.0
 885    12.363790617046    0.102983264836    42798291875657376.0
 886    12.363790617046    0.102983264836    45004836644718816.0
 887    12.363790617046    0.102983264836    52240172574644008.0
 888    12.363790617046    0.102983264836    47373777329866984.0
 889    12.363790617046    0.102983264836    50371576967299640.0
 890    12.363790617046    0.102983264836    38610482993268168.0
 891    12.363790617046    0.102983264836    45412052232882072.0
 892    12.363790617046    0.102983264836    47944566084521360.0
 893    12.363790617046    0.102983264836    53293405322805504.0
 894    12.363790617046    0.102983264836    42474658126230040.0
 895    12.363790617046    0.102983264836    52374373940309472.0
 896    12.363790617046    0.102983264836    55686645557163272.0
 897    12.363790617046    0.102983264836    36306260462155736.0
 898    12.363790617046    0.102983264836    42331630476728368.0
 899    12.363790617046    0.102983264836    48877995004476224.0
 900    12.363790617046    0.102983264836    48595123830917416.0
 901    12.363790617046    0.102983264836    46129641316802576.0
 902    12.363790617046    0.102983264836    59922980415026608.0
 903    12.363790617046    0.102983264836    46024758278008576.0
 904    12.363790617046    0.102983264836    59480211607196272.0
 905    12.363790617046    0.102983264836    55151581990558984.0
 906    12.363790617046    0.102983264836    50209055308587848.0
 907    12.363790617046    0.102983264836    51670833270052872.0
 908    12.363790617046    0.102983264836    43926653151817768.0
 909    12.363790617046    0.102983264836    43541132978759688.0
 910    12.363790617046    0.102983264836    51727378949543672.0
 911    12.363790617046    0.102983264836    51026071855757984.0
 912    12.363790617046    0.102983264836    56484139061453240.0
 913    12.363790617046    0.102983264836    53145835182329312.0
 914    12.363790617046    0.102983264836    41563525291936984.0
 915    12.363790617046    0.102983264836    44208537820820432.0
 916    12.363790617046    0.102983264836    56869425958266456.0
 917    12.363790617046    0.102983264836    48479379452284872.0
 918    12.363790617046    0.102983264836    53701768380610744.0
 919    12.363790617046    0.102983264836    49075676123025128.0
 920    12.363790617046    0.102983264836    45356649994805912.0
 921    12.363790617046    0.102983264836    55862730653165184.0
 922    12.363790617046    0.102983264836    44023688148191216.0
 923    12.363790617046    0.102983264836    47577421486102136.0
 924    12.363790617046    0.102983264836    48527239342159200.0
 925    12.363790617046    0.102983264836    42046769823395216.0
 926    12.363790617046    0.102983264836    44077583412455768.0
 927    12.363790617046    0.102983264836    46084939593788920.0
 928    12.363790617046    0.102983264836    53357181928150000.0
 929    12.363790617046    0.102983264836    43857530777993272.0
 930    12.363790617046    0.102983264836    42067281140606448.0
 931    12.363790617046    0.102983264836    40589364238855264.0
 932    12.363790617046    0.102983264836    40324818733735632.0
 933    12.363790617046    0.102983264836    45451246080947176.0
 934    12.363790617046    0.102983264836    46497903663892992.0
 935    12.363790617046    0.102983264836    48691297653079656.0
 936    12.363790617046    0.102983264836    46357544502248160.0
 937    12.363790617046    0.102983264836    60590376410796000.0
 938    12.363790617046    0.102983264836    66020174713052160.0
 939    12.363790617046    0.102983264836    54549883192634248.0
 940    12.363790617046    0.102983264836    59385894169623536.0
 941    12.363790617046    0.102983264836    46615430795835808.0
 942    12.363790617046    0.102983264836    46523940862297960.0
Warning: Maximum number of function evaluations has been exceeded.
requested number of basinhopping iterations completed successfully
[11.71726438  0.35422552]
optimization result for a batch of size 80 initialized at [11.43147744  0.36334448] is [11.71726438  0.35422552] with functional value 2270421262495235.0 with message requested number of basinhopping iterations completed successfully results save in fit_SDE19-10-01-12-40-52
 results save in fit_SDE19-10-01-12-40-52
startimg fit for a batch of size 160 initialized at [11.71726438  0.35422552]
starting optimization
Evaluating using rand_approx_lamperti
 943    11.717264380208    0.354225525096    15728354773212818.0
 944    11.717264380208    0.354225525096    13460745221919608.0
Warning: Maximum number of function evaluations has been exceeded.
 945    11.845462863635    0.097880030394    104648130418395808.0
 946    12.437736006817    0.097880030394    97062690465829856.0
 947    11.845462863635    0.102774031913    95696469880387088.0
 948    12.437736006817    0.102774031913    112927984758568160.0
 949    12.141599435226    0.100327031154    86921481835704624.0
 950    11.845462863635    0.100327031154    96051720047174640.0
 951    12.141599435226    0.102774031913    93913335781943920.0
 952    12.437736006817    0.100327031154    101118021812883776.0
 953    11.993531149430    0.102162281723    91388451002722592.0
 954    11.993531149430    0.099715280964    99621159473781888.0
 955    12.141599435226    0.101550531533    88757387819639392.0
 956    12.215633578123    0.100632906249    98080614654842480.0
 957    12.178616506675    0.100785843796    103792604443472080.0
 958    12.141599435226    0.100938781344    95824346369541872.0
 959    12.123090899501    0.100709375022    100969314155009200.0
 960    12.160107970950    0.100556437475    100534718747572864.0
 961    12.150853703088    0.100594671862    96747701525971312.0
 962    12.132345167364    0.100671140635    84296192860637120.0
 963    12.123090899501    0.100709375022    104259430884676608.0
 964    12.132345167364    0.100059390445    90267843202967312.0
 965    12.136972301295    0.100499085894    107790377793397856.0
 966    12.136972301295    0.100804960989    96083718208780128.0
 967    12.132345167364    0.100977015730    103121728860275040.0
 968    12.133501950846    0.100857533271    76073636042903760.0
 969    12.128874816915    0.100723712917    107234551549965856.0
 970    12.134947930200    0.100784648971    104996211242539328.0
 971    12.132923559105    0.100764336953    110468615000633936.0
 972    12.131188383881    0.100790623094    79637994898718032.0
 973    12.132634363234    0.100794207568    93113649539452016.0
 974    12.132055971493    0.100853948798    91640065753007120.0
 975    12.132200569428    0.100839013490    94149177815298720.0
 976    12.132345167364    0.100824078183    108028774937772432.0
 977    12.133068157040    0.100825870420    94830322991030080.0
 978    12.134224940523    0.100859325508    93678448031735392.0
 979    12.134658734329    0.100890988360    94035602932531728.0
 980    12.134261090007    0.100874708875    87385740460994992.0
 981    12.133538100330    0.100872916638    86897279336387152.0
 982    12.132778961170    0.100855741035    105623942838676160.0
 983    12.133890557798    0.100869966915    93474460224751584.0
 984    12.133520025588    0.100865224955    97870906523304848.0
 985    12.133881520427    0.100866121073    98388150497487472.0
 986    12.133140456008    0.100856637153    108724177599103424.0
 987    12.133696254322    0.100863750093    82892943576842912.0
 988    12.133678179580    0.100856058410    88362792827914000.0
 989    12.133599102584    0.100860641682    85915899160826992.0
 990    12.133590065213    0.100856795841    103372817179562384.0
 991    12.133570295964    0.100857941659    87640078307496960.0
 992    12.133530757466    0.100860233295    90281162159016000.0
 993    12.133560411340    0.100858514568    94018979158691504.0
 994    12.133550526715    0.100859087477    104132328404616480.0
 995    12.133536123405    0.100857737465    100900248285489360.0
 996    12.133487547536    0.100856183260    103565874220713616.0
 997    12.133503292331    0.100856909314    96495421246680352.0
 998    12.133469119772    0.100856705120    99777755178694544.0
 999    12.133485870680    0.100856963206    101386202995817776.0
1000    12.133502621589    0.100857221293    94759170761804304.0
1001    12.133519037126    0.100857635368    98668206610092160.0
1002    12.133485535309    0.100857119196    104077806854228416.0
1003    12.133510661672    0.100857506325    114499204056763104.0
1004    12.133510493986    0.100857584320    92895563958985872.0
1005    12.133510158615    0.100857740309    114905054170137728.0
1006    12.133508190516    0.100857649552    84583988338587056.0
1007    12.133507782334    0.100857587866    104571610737189904.0
1008    12.133506222416    0.100857558796    83757177219135152.0
1009    12.133503102582    0.100857500655    99415838771614672.0
1010    12.133503594606    0.100857523344    89176308131030176.0
1011    12.133504578656    0.100857568723    102228375664431632.0
1012    12.133503840619    0.100857534689    100284069076357248.0
1013    12.133502772726    0.100857528308    94800371430767152.0
1014    12.133500636941    0.100857515546    114888810022158480.0
1015    12.133501499364    0.100857523168    87617022773124080.0
1016    12.133500677484    0.100857528131    98846636749160800.0
1017    12.133502248916    0.100857528264    106490215494182576.0
1018    12.133501725105    0.100857528220    121860211497447440.0
1019    12.133502361786    0.100857530790    95945407708049648.0
1020    12.133502587528    0.100857535842    87043211727217312.0
1021    12.133502176588    0.100857538323    98483187370904896.0
1022    12.133502269187    0.100857534556    105543328291518512.0
1023    12.133502156316    0.100857532031    101950306491459296.0
1024    12.133501837976    0.100857530745    95811866409574432.0
1025    12.133501632506    0.100857531986    96971812064511824.0
1026    12.133501763458    0.100857531997    100518742166275776.0
1027    12.133502053581    0.100857532651    93140436973015056.0
1028    12.133502110017    0.100857533914    101542384103351008.0
1029    12.133502056115    0.100857533438    90760184384430976.0
1030    12.133502028531    0.100857533003    115435327032506352.0
1031    12.133502003481    0.100857533354    95689073180955856.0
1032    12.133502002214    0.100857532961    99797895323877856.0
1033    12.133501952113    0.100857533665    108528253595639824.0
1034    12.133501989689    0.100857533137    98588841326689728.0
1035    12.133501983426    0.100857533225    106514767785840736.0
1036    12.133501977164    0.100857533313    92230500460656096.0
1037    12.133501970268    0.100857533204    106800041490553184.0
1038    12.133501957742    0.100857533380    97578136400345664.0
1039    12.133501960874    0.100857533336    94714637623203216.0
1040    12.133501967136    0.100857533248    114789985491188960.0
1041    12.133501962439    0.100857533314    95468808987162448.0
1042    12.133501964005    0.100857533292    97930023837376192.0
1043    12.133501955860    0.100857533304    97847528652064864.0
1044    12.133501958679    0.100857533290    105525458086178176.0
1045    12.133501946774    0.100857533277    111995582846147872.0
1046    12.133501951082    0.100857533281    101844308583210400.0
1047    12.133501955154    0.100857533275    108480015031310608.0
1048    12.133501953059    0.100857533276    92141094333082944.0
1049    12.133501952824    0.100857533266    105811415895988064.0
1050    12.133501951517    0.100857533277    95080561324273600.0
1051    12.133501952388    0.100857533270    93455639556649696.0
1052    12.133501951182    0.100857533274    99751786818858864.0
1053    12.133501950075    0.100857533272    101345185016483264.0
1054    12.133501950545    0.100857533273    84564823988256192.0
1055    12.133501950209    0.100857533270    85931079596009168.0
1056    12.133501950452    0.100857533271    94550839104970688.0
1057    12.133501951014    0.100857533273    80622346084182000.0
1058    12.133501951165    0.100857533272    101949513841891008.0
1059    12.133501951048    0.100857533272    93356330098243936.0
1060    12.133501950813    0.100857533272    86030060169347888.0
1061    12.133501950872    0.100857533272    84036465986093520.0
1062    12.133501950989    0.100857533272    95813177828082624.0
1063    12.133501950901    0.100857533272    103599237656151808.0
1064    12.133501950930    0.100857533272    97246327300892080.0
1065    12.133501950859    0.100857533272    96612120340778208.0
1066    12.133501950775    0.100857533271    97052449880604144.0
1067    12.133501950814    0.100857533271    97008005713208848.0
1068    12.133501950891    0.100857533272    105688443355630144.0
