   18.37    14.46    17.44    16.61    19.32    17.10    17.45    17.59    19.48    19.39    17.00    15.08    13.60    13.41    14.15    14.87    15.21    14.70    10.79     8.75    14.68    18.04    15.32    15.65
   16.59    13.14    12.13     9.49     7.30     7.42     8.05     8.95    10.58    10.26     8.54     6.99     5.42     4.41     3.77     3.93     2.50     1.38     4.14     3.09     3.31     3.89     4.24     3.99
    5.18     4.20     3.06     2.56     4.04     3.26     3.32     2.08     2.61     5.14     5.66     9.45     4.09     4.14     6.42    10.53    13.22    12.95    14.31    17.54    14.82    15.53    13.07    13.26
   12.97    15.14    16.00    15.24    16.41    16.39    17.83    17.36    15.66    14.97    17.44    16.98    15.81    15.42    14.76    16.62    15.42    13.48    15.42    14.93    16.42    17.18    15.38    15.77
   14.68    15.45    13.87    12.94    12.20    11.16    13.09    12.44    11.31    12.87    13.37    13.48    13.45    12.41    12.28    13.61    13.18    13.79    12.22    12.92    12.38    11.89    11.72    12.09
   11.80    12.15    12.36    10.31     9.05     7.78     6.36     6.27     5.51     5.19     4.44     4.02     3.54     2.12     3.15     1.74     0.29     2.57     4.91     4.38     4.22     2.39     6.38     6.46
    5.24     6.03     5.33     4.40     5.20     3.37     4.77     6.56     7.55     4.12     8.32    11.22    11.41    12.91    11.46    15.97    13.67     9.73     8.95     9.63     7.93     9.30     9.93    10.27
   10.24    10.25    11.07    11.64    12.92    11.69    13.50    13.02    13.44    13.49    16.83    15.54    13.35    14.08    13.97    13.54    11.18    13.25    12.62    12.16    11.86    12.29     9.78    10.63
   11.32    10.81    10.95    10.05     9.62     8.81     9.80     9.64     9.17     9.79     9.52     9.52    10.08     9.85    10.27    10.19     9.77    10.24    11.31     9.51     7.05     7.12     7.05     7.35
    6.81     6.16     5.78     7.55     7.63     7.70     9.34     8.89    12.49    12.19    11.60    10.56    11.73    12.13    11.55    12.71    14.54    14.97    14.27    12.66    11.81     9.69    14.58    15.97
   18.28    21.67    17.91    18.97    18.35    19.88    17.13    19.26    20.19    18.59    19.58    17.43    20.47    20.46    20.77    18.75    17.34    15.89    17.38    17.88    17.44    17.36    17.68    17.83
   19.15    19.91    17.42    18.09    19.52    20.19    18.14    20.86    18.82    18.29    18.68    16.58    16.58    17.56    16.00    15.57    15.55    13.66    12.78    13.63    12.40    13.30    12.40    13.18
   13.82    14.24    14.89    15.26    16.01    14.59    16.74    15.35    15.19    16.01    16.56    15.53    15.00    13.30    14.65    13.82    12.06    12.82    13.84    12.79    12.87    12.37    12.19    13.66
   14.08    14.64    13.41    14.57    14.21    15.10    11.37    12.18    11.15    11.85    10.38    10.65    11.18     9.08    11.12    10.91     8.49     8.67     8.70     9.49     8.53     6.95     6.80     6.08
    6.42     6.30     4.89     6.61     5.06     4.74     4.85     4.07     4.76     3.98     4.27     3.70     3.84     2.82     0.73     1.64     2.02     2.14     3.62     3.86     4.25     4.20     4.58     3.84
    3.31     4.00     3.35     2.74     3.66     3.60     3.94     4.50     5.18     5.45     5.61     6.22     5.56     5.81     4.15     4.62     2.70     4.63     4.69     5.72     5.32     4.98     5.84     4.97
    6.30     6.29     9.15     9.49     9.64    10.80     9.07     9.23     9.62     8.96     8.70     8.94     8.54     9.68     8.27     8.91     9.52     9.56     8.38     8.10     7.55     7.48     8.25     8.55
    7.58     6.59     7.32     7.59     7.94     8.61     6.70     6.44     6.16     6.93     7.00     8.07     7.26     9.68     9.13     8.08     9.27     8.44     7.93     7.59     7.93     7.75     7.53     7.56
    7.98     7.66     8.41     8.17     7.61     6.63     6.35     6.80     6.92     6.55     4.16     6.81     5.54     7.95     8.48     7.43     6.51     7.22     5.47     6.97     6.84     6.74     4.13     6.04
    6.76     6.91     7.52     6.95     5.21     2.35     5.89     5.22     5.45     5.81     6.18     5.64     5.46     4.99     4.99     3.50     3.00     2.80     2.76     2.24     3.29     3.31     2.46     2.38
    1.77     4.49     4.85     4.76     4.01     4.44     4.41     4.89     4.81     6.36     6.66     7.46     7.74     8.30     8.41     9.40     9.46     9.65    10.06    11.03    11.09    11.14    10.20    11.80
   11.63    11.66    12.31    12.59    12.60    12.45    13.20    12.62    11.52    12.61    12.14    12.11    11.85    11.36    10.79    10.02    10.22    10.82    11.44    10.91     9.07     7.35     6.67     7.30
    6.67     5.89     6.20     5.95     5.61     3.59     4.49     3.94     3.11     2.22     2.28     3.23     2.88     2.88     1.94     1.49     3.28     3.09     2.99     3.59     4.10     4.67     6.72     5.75
    5.20     8.34     8.64     8.79     9.55     7.48     9.56     9.19     9.02    10.36     9.76     9.68     9.44     7.86     8.45     8.99    10.85    12.80    16.15    14.29    12.84    15.32    12.34    10.75
   12.72    13.07    12.45    12.35    12.35    11.57    11.19    12.56    12.50    11.03    12.32    11.18    10.08    10.23    11.38    11.69    11.05    11.12    12.17    10.76    10.08    10.29     9.63     9.44
    8.85     9.89     9.51     9.60     9.63     9.01     6.43     7.08     7.76     7.97     8.06     7.35     6.92     6.44     6.79     6.39     5.64     5.23     4.49     7.37     5.92     6.55     7.55     8.46
    7.06     6.73     6.34     5.33     8.50     6.68     6.76     5.40     7.29    11.40    10.86     9.39     8.84     6.18     8.65     6.39     9.07     5.20    10.27     9.51     9.91    10.07    10.66    14.23
   11.53     7.50     7.27     7.62     7.29     3.66     1.88     5.52     2.05     2.68     4.28     4.52     2.10     1.27     1.50     3.23     2.83     2.83     0.17     1.90     4.30     4.33     4.44     5.75
    2.83     9.34     7.51     9.96     7.34     5.16     7.91     7.70     2.43     3.23     4.46     4.93     6.78     9.79     8.81     8.16     8.59     5.16     5.20     4.91     5.60     5.81     5.58     5.61
    6.93     6.16     5.20     5.28     5.42     6.99     8.91     9.50     9.39     9.35    10.42    12.15    12.87    13.07    14.44    14.18    14.54    14.77    13.17    13.33    12.24    12.48    12.09    12.73
   13.05    13.19    13.36    13.15    10.64     9.82     8.06     6.81     7.05     6.68     6.89     5.63     4.79     4.15     3.74     1.92     2.06     1.47     2.48     0.93     0.78     1.67     0.78     1.67
